1 0.000140810012817
2 0.000212287902832
3 0.000210857391357
4 0.000240612030029
5 0.000260257720947
6 0.000257539749146
7 0.000318384170532
8 0.000409173965454
9 0.000316381454468
10 0.000301218032837
11 0.000327014923096
12 0.000327444076538
13 0.000345420837402
14 0.000349044799805
15 0.000360393524170
16 0.000383424758911
17 0.000651597976685
18 0.000459003448486
19 0.000418615341187
20 0.000466585159302
21 0.000413608551025
22 0.000426387786865
23 0.000427007675171
24 0.000479841232300
25 0.000498199462891
26 0.000465250015259
27 0.000476980209351
28 0.000491476058960
29 0.000585222244263
30 0.000657415390015
31 0.000553798675537
32 0.000679016113281
33 0.000551939010620
34 0.000572443008423
35 0.000610017776489
36 0.000712633132935
37 0.000588941574097
38 0.000625991821289
39 0.000732612609863
40 0.000692749023437
41 0.000691175460815
42 0.000787401199341
43 0.000769186019897
44 0.000993967056274
45 0.000743579864502
46 0.000796556472778
47 0.000824642181396
48 0.000835847854614
49 0.000834178924561
50 0.001117134094238
51 0.000863361358643
52 0.000866222381592
53 0.000897979736328
54 0.001141548156738
55 0.000964260101318
56 0.001012229919434
57 0.000981521606445
58 0.000992202758789
59 0.000988197326660
60 0.001120948791504
61 0.001056814193726
62 0.001054620742798
63 0.001164197921753
64 0.001097393035889
65 0.001237010955811
66 0.001180028915405
67 0.001169157028198
68 0.001324653625488
69 0.001217031478882
70 0.001345205307007
71 0.001444959640503
72 0.001308250427246
73 0.001291227340698
74 0.001320028305054
75 0.001484584808350
76 0.001462841033936
77 0.001380443572998
78 0.001414823532104
79 0.001492404937744
80 0.001628208160400
81 0.001437997817993
82 0.001522588729858
83 0.001646614074707
84 0.001639604568481
85 0.001589965820313
86 0.001613569259644
87 0.001707363128662
88 0.001725530624390
89 0.001705789566040
90 0.001825618743896
91 0.001746845245361
92 0.001840305328369
93 0.001848983764648
94 0.002123785018921
95 0.001894760131836
96 0.001899719238281
97 0.002124023437500
98 0.001933002471924
99 0.001905822753906
100 0.002182912826538
