2 0.000231456756592
3 0.000211572647095
4 0.000158166885376
5 0.000168037414551
6 0.000182008743286
7 0.000175380706787
8 0.000188779830933
9 0.000204992294312
10 0.000222587585449
11 0.000214576721191
12 0.000219726562500
13 0.000255203247070
14 0.000243377685547
15 0.000245809555054
16 0.000267791748047
17 0.000284242630005
18 0.000294446945190
19 0.000320386886597
20 0.000393009185791
21 0.000340795516968
22 0.000413990020752
23 0.000342559814453
24 0.000376749038696
25 0.000499820709229
26 0.000433588027954
27 0.000401449203491
28 0.000424385070801
29 0.000401401519775
30 0.000443553924561
31 0.000495862960815
32 0.000467061996460
33 0.000497007369995
34 0.000534057617188
35 0.000584793090820
36 0.000581169128418
37 0.000558233261108
38 0.000659799575806
39 0.000581073760986
40 0.000590038299561
41 0.000668764114380
42 0.000676012039185
43 0.000678205490112
44 0.000759220123291
45 0.000708198547363
46 0.000710678100586
47 0.000689601898193
48 0.000952434539795
49 0.000958871841431
50 0.000793361663818
51 0.000865411758423
52 0.000922775268555
53 0.000860786437988
54 0.000893449783325
55 0.000940179824829
56 0.001049995422363
57 0.000825548171997
58 0.001084041595459
59 0.001072978973389
60 0.001032972335815
61 0.000873422622681
62 0.001056575775146
63 0.001041269302368
64 0.001111173629761
65 0.001197004318237
66 0.001242542266846
67 0.001167011260986
68 0.001141977310181
69 0.001235055923462
70 0.001179790496826
71 0.001360368728638
72 0.001184797286987
73 0.001242208480835
74 0.001374149322510
75 0.001491832733154
76 0.001380443572998
77 0.001351451873779
78 0.001424598693848
79 0.001470232009888
80 0.001706790924072
81 0.001445007324219
82 0.001587390899658
83 0.001672601699829
84 0.001778650283813
85 0.001628351211548
86 0.001878070831299
87 0.001935052871704
88 0.001713991165161
89 0.001817655563354
90 0.002018213272095
91 0.001814985275269
92 0.001812744140625
93 0.002111530303955
94 0.001847791671753
95 0.001810407638550
96 0.002248430252075
97 0.002328014373779
98 0.002203798294067
99 0.002244234085083
100 0.002079772949219
101 0.002203559875488
