2 0.000233221054077
3 0.000270414352417
4 0.000326585769653
5 0.000437116622925
6 0.000612592697144
7 0.000687217712402
8 0.000908660888672
9 0.001067638397217
10 0.001286411285400
11 0.001552200317383
12 0.001769161224365
13 0.001943016052246
14 0.002284812927246
15 0.002440834045410
16 0.003128576278687
17 0.003727674484253
18 0.004367017745972
19 0.004720306396484
20 0.004337072372437
21 0.005571508407593
22 0.006813144683838
23 0.007006406784058
24 0.007235240936279
25 0.008931970596313
26 0.009700965881348
27 0.010368776321411
28 0.010355234146118
29 0.012755441665649
30 0.012531995773315
31 0.013512134552002
32 0.015678405761719
33 0.016965198516846
34 0.018298196792603
35 0.019795036315918
36 0.021967840194702
37 0.019711208343506
38 0.023145103454590
39 0.026712799072266
40 0.026184749603271
41 0.027851867675781
42 0.030961942672729
43 0.033179378509521
44 0.038045549392700
45 0.037855434417725
46 0.041688537597656
47 0.041619586944580
48 0.044250345230103
49 0.045332479476929
50 0.051371622085571
51 0.057817554473877
52 0.055393028259277
53 0.053925943374634
54 0.056659221649170
55 0.064413356781006
56 0.068275403976440
57 0.073313713073730
58 0.076296043395996
59 0.084726619720459
60 0.085179758071899
61 0.074886226654053
62 0.088035774230957
63 0.077221250534058
64 0.103968048095703
65 0.100694370269775
66 0.127901840209961
67 0.120784664154053
68 0.122513246536255
69 0.098443603515625
70 0.138257551193237
71 0.147517156600952
72 0.138794803619385
73 0.138616561889648
74 0.168057584762573
75 0.167902612686157
76 0.189394044876099
77 0.179080963134766
78 0.203127622604370
79 0.204611778259277
80 0.203470993041992
81 0.216216754913330
82 0.216075611114502
83 0.236934328079224
84 0.219317054748535
85 0.230774164199829
86 0.285249996185303
87 0.290297555923462
88 0.259414720535278
89 0.263613033294678
90 0.330466222763062
91 0.319674873352051
92 0.302459859848022
93 0.379857969284058
94 0.378810787200928
95 0.357218170166016
96 0.366769409179687
97 0.437187957763672
98 0.371691036224365
99 0.402188014984131
100 0.464129114151001
101 0.407843017578125
