1 0.001036024093628
2 0.002720737457275
3 0.003941917419434
4 0.003528165817261
5 0.004061603546143
6 0.004051828384399
7 0.004897737503052
8 0.004449272155762
9 0.004639005661011
10 0.005174636840820
11 0.005122184753418
12 0.004966402053833
13 0.005525207519531
14 0.005104827880859
15 0.005586242675781
16 0.005618715286255
17 0.005341815948486
18 0.005175018310547
19 0.005744600296021
20 0.006044769287109
21 0.005070638656616
22 0.006093025207520
23 0.006061792373657
24 0.005562877655029
25 0.006229019165039
26 0.006239604949951
27 0.005785226821899
28 0.005873537063599
29 0.006338834762573
30 0.006263160705566
31 0.006380176544189
32 0.006265258789063
33 0.006683826446533
34 0.006231594085693
35 0.006360340118408
36 0.005601215362549
37 0.006154775619507
38 0.005672025680542
39 0.006195354461670
40 0.006514644622803
41 0.006824779510498
42 0.006832599639893
43 0.006783580780029
44 0.006487607955933
45 0.006980371475220
46 0.006948184967041
47 0.007154798507690
48 0.006989622116089
49 0.007112407684326
50 0.006815576553345
51 0.007363605499268
52 0.006665945053101
53 0.006485176086426
54 0.006599807739258
55 0.006888818740845
56 0.007263612747192
57 0.007117176055908
58 0.006987619400024
59 0.007245635986328
60 0.007314586639404
61 0.007330179214478
62 0.007167768478394
63 0.007854032516479
64 0.007828712463379
65 0.007130002975464
66 0.007153367996216
67 0.007922792434692
68 0.007406139373779
69 0.007202148437500
70 0.008178997039795
71 0.007904767990112
72 0.008229207992554
73 0.008343982696533
74 0.008101415634155
75 0.008241605758667
76 0.007467985153198
77 0.007675600051880
78 0.008252573013306
79 0.007679080963135
80 0.008061504364014
81 0.007884645462036
82 0.008009624481201
83 0.008442401885986
84 0.008071565628052
85 0.008434772491455
86 0.008288621902466
87 0.008257961273193
88 0.008160591125488
89 0.008474445343018
90 0.007994794845581
91 0.008478641510010
92 0.008630657196045
93 0.008602237701416
94 0.008693408966064
95 0.008697462081909
96 0.008697032928467
97 0.008650493621826
98 0.008992242813110
99 0.008926582336426
100 0.008857154846191
