1 0.000958871841431
2 0.002590036392212
3 0.003038597106934
4 0.003115797042847
5 0.003201723098755
6 0.003530359268188
7 0.003705167770386
8 0.004057598114014
9 0.003702545166016
10 0.003992557525635
11 0.004159212112427
12 0.003899192810059
13 0.004182386398315
14 0.004205989837646
15 0.004107761383057
16 0.004339599609375
17 0.004524803161621
18 0.004473638534546
19 0.004506778717041
20 0.004648208618164
21 0.004553794860840
22 0.004416418075562
23 0.004814863204956
24 0.005013370513916
25 0.004355192184448
26 0.004915618896484
27 0.004770565032959
28 0.004737043380737
29 0.004497766494751
30 0.005056381225586
31 0.004705238342285
32 0.004679632186890
33 0.005189037322998
34 0.004904985427856
35 0.005256223678589
36 0.005162429809570
37 0.005034208297729
38 0.005097818374634
39 0.004958200454712
40 0.005171394348145
41 0.004708576202393
42 0.005154561996460
43 0.005930376052856
44 0.005623579025269
45 0.007117176055908
46 0.005391645431519
47 0.005337858200073
48 0.005583190917969
49 0.005650806427002
50 0.005578422546387
51 0.005257368087769
52 0.005036020278931
53 0.005135202407837
54 0.005144119262695
55 0.005486011505127
56 0.005151176452637
57 0.005576419830322
58 0.005802774429321
59 0.005353260040283
60 0.005642843246460
61 0.005961179733276
62 0.005509567260742
63 0.005744218826294
64 0.005915832519531
65 0.005762195587158
66 0.005303430557251
67 0.005785799026489
68 0.005454778671265
69 0.005609846115112
70 0.005662441253662
71 0.005740356445312
72 0.005589246749878
73 0.006055784225464
74 0.006087636947632
75 0.005827236175537
76 0.005709791183472
77 0.005699205398560
78 0.006104612350464
79 0.006097841262817
80 0.005915975570679
81 0.006160068511963
82 0.006200170516968
83 0.005986642837524
84 0.006297302246094
85 0.006118249893188
86 0.006298828125000
87 0.006302356719971
88 0.006074380874634
89 0.006172227859497
90 0.006034946441650
91 0.006425046920776
92 0.006034421920776
93 0.006146192550659
94 0.006506776809692
95 0.005964565277100
96 0.005951595306396
97 0.006695842742920
98 0.006494045257568
99 0.006207180023193
100 0.006667041778564
