2 0.000235843658447
3 0.000241184234619
4 0.000281429290771
5 0.000390195846558
6 0.000454616546631
7 0.000552368164063
8 0.000680017471313
9 0.000942659378052
10 0.001168632507324
11 0.001293230056763
12 0.001395225524902
13 0.001743841171265
14 0.001985359191895
15 0.002190780639648
16 0.002481412887573
17 0.002830934524536
18 0.003497838973999
19 0.003457164764404
20 0.003733539581299
21 0.004713630676270
22 0.004886436462402
23 0.005572605133057
24 0.005941343307495
25 0.007276630401611
26 0.007166385650635
27 0.007849025726318
28 0.008246564865112
29 0.008801841735840
30 0.010003232955933
31 0.009988021850586
32 0.010433578491211
33 0.013884019851685
34 0.013962793350220
35 0.013785409927368
36 0.014637374877930
37 0.017180633544922
38 0.017275619506836
39 0.017864561080933
40 0.020132160186768
41 0.020855045318604
42 0.023016643524170
43 0.022140169143677
44 0.023989200592041
45 0.028232860565186
46 0.029015111923218
47 0.030374193191528
48 0.026799774169922
49 0.032910966873169
50 0.036846208572388
51 0.033934974670410
52 0.037250185012817
53 0.044674968719482
54 0.044329977035522
55 0.039890193939209
56 0.044192028045654
57 0.051304769515991
58 0.049703836441040
59 0.051505565643311
60 0.052880954742432
61 0.057013225555420
62 0.052087879180908
63 0.060021209716797
64 0.063439655303955
65 0.066680622100830
66 0.074159765243530
67 0.074992275238037
68 0.077590179443359
69 0.080536794662476
70 0.088483619689941
71 0.083962154388428
72 0.094613218307495
73 0.095713376998901
74 0.099559402465820
75 0.121100950241089
76 0.100751256942749
77 0.120493412017822
78 0.119125366210938
79 0.117313671112061
80 0.116046810150146
81 0.131938409805298
82 0.128552436828613
83 0.155040407180786
84 0.134005022048950
85 0.162283515930176
86 0.141774559020996
87 0.167307424545288
88 0.172451400756836
89 0.192926502227783
90 0.194967222213745
91 0.181656789779663
92 0.223684644699097
93 0.196249389648437
94 0.227484369277954
95 0.208842992782593
96 0.198505020141602
97 0.208241033554077
98 0.252487421035767
99 0.242597818374634
100 0.246550178527832
101 0.227002811431885
