2 0.000141048431396
3 0.000140571594238
4 0.000119161605835
5 0.000125789642334
6 0.000136995315552
7 0.000128793716431
8 0.000129413604736
9 0.000137996673584
10 0.000147438049316
11 0.000151777267456
12 0.000146818161011
13 0.000159406661987
14 0.000156974792480
15 0.000156974792480
16 0.000169992446899
17 0.000172615051270
18 0.000173997879028
19 0.000180006027222
20 0.000186586380005
21 0.000183963775635
22 0.000185441970825
23 0.000191545486450
24 0.000204992294312
25 0.000207519531250
26 0.000199747085571
27 0.000215435028076
28 0.000234222412109
29 0.000212812423706
30 0.000213432312012
31 0.000242614746094
32 0.000246429443359
33 0.000231361389160
34 0.000244522094727
35 0.000251960754395
36 0.000245809555054
37 0.000237798690796
38 0.000260210037231
39 0.000254583358765
40 0.000249433517456
41 0.000280380249023
42 0.000269031524658
43 0.000279426574707
44 0.000254774093628
45 0.000281000137329
46 0.000285863876343
47 0.000288343429565
48 0.000278854370117
49 0.000321245193481
50 0.000299263000488
51 0.000323343276978
52 0.000327205657959
53 0.000312805175781
54 0.000336837768555
55 0.000384855270386
56 0.000346994400024
57 0.000343704223633
58 0.000340223312378
59 0.000403594970703
60 0.000379991531372
61 0.000400018692017
62 0.000363826751709
63 0.000375890731812
64 0.000375747680664
65 0.000392389297485
66 0.000415802001953
67 0.000427198410034
68 0.000440025329590
69 0.000395202636719
70 0.000411748886108
71 0.000453948974609
72 0.000466394424438
73 0.000447368621826
74 0.000455617904663
75 0.000481462478638
76 0.000482177734375
77 0.000464868545532
78 0.000465822219849
79 0.000463581085205
80 0.000465822219849
81 0.000538206100464
82 0.000487756729126
83 0.000499057769775
84 0.000501394271851
85 0.000551795959473
86 0.000494670867920
87 0.000510358810425
88 0.000480365753174
89 0.000587797164917
90 0.000543451309204
91 0.000542593002319
92 0.000518608093262
93 0.000574016571045
94 0.000513839721680
95 0.000559329986572
96 0.000547170639038
97 0.000613975524902
98 0.000501346588135
99 0.000549602508545
100 0.000600624084473
101 0.000682210922241
