1 0.000235176086426
2 0.000243043899536
3 0.000134801864624
4 0.000108671188354
5 0.000118207931519
6 0.000114440917969
7 0.000115394592285
8 0.000118207931519
9 0.000140619277954
10 0.000141191482544
11 0.000147628784180
12 0.000170326232910
13 0.000203037261963
14 0.000186014175415
15 0.000196456909180
16 0.000200986862183
17 0.000214433670044
18 0.000211620330811
19 0.000219535827637
20 0.000245571136475
21 0.000237941741943
22 0.000270223617554
23 0.000277376174927
24 0.000271987915039
25 0.000277376174927
26 0.000305604934692
27 0.000334405899048
28 0.000369644165039
29 0.000340175628662
30 0.000425195693970
31 0.000361013412476
32 0.000363969802856
33 0.000379419326782
34 0.000427627563477
35 0.000414180755615
36 0.000479030609131
37 0.000428581237793
38 0.000468397140503
39 0.000483798980713
40 0.000517511367798
41 0.000599193572998
42 0.000642395019531
43 0.000549411773682
44 0.000642347335815
45 0.000584220886230
46 0.000611209869385
47 0.000584220886230
48 0.000631999969482
49 0.000686311721802
50 0.000674581527710
51 0.000689411163330
52 0.000696802139282
53 0.000704193115234
54 0.000856447219849
55 0.000751829147339
56 0.000784444808960
57 0.000815773010254
58 0.000889635086060
59 0.000911808013916
60 0.000829219818115
61 0.000891780853271
62 0.001010417938232
63 0.000915336608887
64 0.000961351394653
65 0.000960016250610
66 0.001011419296265
67 0.000999975204468
68 0.001080179214478
69 0.001096630096436
70 0.001059818267822
71 0.001171636581421
72 0.001149606704712
73 0.001208734512329
74 0.001142168045044
75 0.001191329956055
76 0.001243686676025
77 0.001340627670288
78 0.001252603530884
79 0.001249217987061
80 0.001338624954224
81 0.001375961303711
82 0.001432418823242
83 0.001348352432251
84 0.001409387588501
85 0.001459598541260
86 0.001659440994263
87 0.001452445983887
88 0.001512861251831
89 0.001594257354736
90 0.001616239547729
91 0.001687574386597
92 0.001645565032959
93 0.001703596115112
94 0.001684617996216
95 0.001704931259155
96 0.001715040206909
97 0.001809644699097
98 0.001814842224121
99 0.001787424087524
100 0.001932191848755
