1 0.001826143264771
2 0.002995824813843
3 0.003721570968628
4 0.003734254837036
5 0.004266643524170
6 0.004264211654663
7 0.004536628723145
8 0.004273748397827
9 0.004594755172729
10 0.005057859420776
11 0.005232238769531
12 0.004805612564087
13 0.004746294021606
14 0.004943513870239
15 0.004913425445557
16 0.004951477050781
17 0.005316209793091
18 0.005336427688599
19 0.005618429183960
20 0.005706405639648
21 0.005702972412109
22 0.006047439575195
23 0.005659818649292
24 0.005755615234375
25 0.005502176284790
26 0.005819416046143
27 0.005551624298096
28 0.005532264709473
29 0.005940532684326
30 0.006299972534180
31 0.006345415115356
32 0.006587076187134
33 0.005993604660034
34 0.005433607101440
35 0.006192207336426
36 0.006655979156494
37 0.006568002700806
38 0.006367778778076
39 0.006727743148804
40 0.007068634033203
41 0.006615591049194
42 0.006550455093384
43 0.006976413726807
44 0.006504631042480
45 0.006471920013428
46 0.006836462020874
47 0.006997156143188
48 0.006693601608276
49 0.006311607360840
50 0.007124042510986
51 0.006433439254761
52 0.006829786300659
53 0.006594228744507
54 0.006716823577881
55 0.007415390014648
56 0.007069444656372
57 0.007267475128174
58 0.007439613342285
59 0.007718849182129
60 0.006898641586304
61 0.007153367996216
62 0.006931638717651
63 0.007002592086792
64 0.007053852081299
65 0.007322406768799
66 0.007338619232178
67 0.008184003829956
68 0.007380819320679
69 0.007744407653809
70 0.008079433441162
71 0.008107995986938
72 0.007871627807617
73 0.007463169097900
74 0.007757806777954
75 0.007381391525269
76 0.008059215545654
77 0.008120822906494
78 0.008183383941650
79 0.007688379287720
80 0.007655763626099
81 0.007946538925171
82 0.008054971694946
83 0.007788228988647
84 0.008266639709473
85 0.008171987533569
86 0.008896970748901
87 0.008287811279297
88 0.008550786972046
89 0.008243608474731
90 0.008761358261108
91 0.008566951751709
92 0.008156824111938
93 0.008866357803345
94 0.008226585388184
95 0.008426427841187
96 0.008751583099365
97 0.009146118164062
98 0.008696222305298
99 0.008748149871826
100 0.008678150177002
