2 0.000226640701294
3 0.000273990631104
4 0.000326251983643
5 0.000438833236694
6 0.000508213043213
7 0.000720787048340
8 0.000859212875366
9 0.001058816909790
10 0.001363420486450
11 0.001480817794800
12 0.001701211929321
13 0.001964950561523
14 0.002224445343018
15 0.002460384368896
16 0.003015804290771
17 0.003678417205811
18 0.003647375106812
19 0.004168987274170
20 0.005285167694092
21 0.005663824081421
22 0.005977249145508
23 0.007168245315552
24 0.007827758789062
25 0.008253765106201
26 0.008952188491821
27 0.010162353515625
28 0.010134840011597
29 0.013195991516113
30 0.013826036453247
31 0.012367391586304
32 0.016259193420410
33 0.018050479888916
34 0.019176244735718
35 0.020509052276611
36 0.019338035583496
37 0.023151206970215
38 0.024489164352417
39 0.024647998809814
40 0.025689601898193
41 0.028089809417725
42 0.030110597610474
43 0.032878160476685
44 0.034285783767700
45 0.039877367019653
46 0.039555740356445
47 0.040541601181030
48 0.045804166793823
49 0.044811630249023
50 0.055305719375610
51 0.049949407577515
52 0.058704423904419
53 0.062211608886719
54 0.063009786605835
55 0.063285255432129
56 0.075748014450073
57 0.068019962310791
58 0.065362548828125
59 0.076636838912964
60 0.083809375762939
61 0.084947824478149
62 0.092370605468750
63 0.090241050720215
64 0.091346836090088
65 0.112450599670410
66 0.125147771835327
67 0.108613014221191
68 0.137006568908691
69 0.124321985244751
70 0.122680950164795
71 0.131982421875000
72 0.151631784439087
73 0.149548673629761
74 0.167864513397217
75 0.172729730606079
76 0.176429605484009
77 0.159254312515259
78 0.182942438125610
79 0.202857732772827
80 0.202188205718994
81 0.229447364807129
82 0.183691835403442
83 0.224790000915527
84 0.231088066101074
85 0.232683610916138
86 0.267786645889282
87 0.286920833587646
88 0.242821598052979
89 0.277557182312012
90 0.299340438842773
91 0.320110845565796
92 0.300523233413696
93 0.338553857803345
94 0.313550043106079
95 0.353647136688232
96 0.400172042846680
97 0.411602878570557
98 0.381551933288574
99 0.415922355651855
100 0.408517599105835
101 0.444956254959106
