1 0.001335573196411
2 0.002606630325317
3 0.003375053405762
4 0.003723573684692
5 0.003904533386230
6 0.004429340362549
7 0.004689359664917
8 0.004875230789185
9 0.004664754867554
10 0.004635572433472
11 0.004483222961426
12 0.004679012298584
13 0.005039215087891
14 0.004765176773071
15 0.004586553573608
16 0.004780244827271
17 0.005515384674072
18 0.005594015121460
19 0.005614042282104
20 0.005327224731445
21 0.005749416351318
22 0.005506038665771
23 0.005013799667358
24 0.005528593063354
25 0.005286026000977
26 0.005204200744629
27 0.005590915679932
28 0.005961227416992
29 0.005651569366455
30 0.006709575653076
31 0.005768203735352
32 0.006091785430908
33 0.006221437454224
34 0.005746221542358
35 0.006222009658813
36 0.006641387939453
37 0.005860948562622
38 0.006628179550171
39 0.006039381027222
40 0.005721569061279
41 0.005852651596069
42 0.005961990356445
43 0.006414175033569
44 0.006490802764893
45 0.006792020797729
46 0.006516838073730
47 0.006482410430908
48 0.006492233276367
49 0.006783771514893
50 0.006676006317139
51 0.006611967086792
52 0.006383609771729
53 0.006482839584351
54 0.006583356857300
55 0.006586217880249
56 0.006218004226685
57 0.007137537002563
58 0.006667423248291
59 0.007170438766479
60 0.006976222991943
61 0.007272815704346
62 0.006927585601807
63 0.007202196121216
64 0.007057857513428
65 0.007782793045044
66 0.007461738586426
67 0.007218360900879
68 0.007370948791504
69 0.007245349884033
70 0.006954431533813
71 0.007680034637451
72 0.007985591888428
73 0.007813405990601
74 0.006981992721558
75 0.007602596282959
76 0.007202386856079
77 0.007320213317871
78 0.007743835449219
79 0.007661247253418
80 0.007623910903931
81 0.008075380325317
82 0.008093595504761
83 0.007987785339355
84 0.007640218734741
85 0.007778978347778
86 0.008058214187622
87 0.007846212387085
88 0.008292627334595
89 0.007689619064331
90 0.007877397537231
91 0.008082008361816
92 0.008481931686401
93 0.008230018615723
94 0.007865190505981
95 0.008963203430176
96 0.008423328399658
97 0.008284759521484
98 0.008048582077026
99 0.008606243133545
100 0.008355379104614
