2 0.000196838378906
3 0.000242948532104
4 0.000298595428467
5 0.000399827957153
6 0.000479364395142
7 0.000609016418457
8 0.000785160064697
9 0.000980615615845
10 0.001204156875610
11 0.001389455795288
12 0.001568174362183
13 0.001920223236084
14 0.002169227600098
15 0.002359580993652
16 0.002590799331665
17 0.003364562988281
18 0.003603124618530
19 0.004342603683472
20 0.004739999771118
21 0.004951143264771
22 0.005660390853882
23 0.006296920776367
24 0.007329797744751
25 0.008596992492676
26 0.010113811492920
27 0.010230350494385
28 0.010323572158813
29 0.011726331710815
30 0.012937402725220
31 0.012577390670776
32 0.013495206832886
33 0.016017007827759
34 0.018140792846680
35 0.018593597412109
36 0.021385192871094
37 0.023294782638550
38 0.023289966583252
39 0.026905441284180
40 0.029914951324463
41 0.026403379440308
42 0.030626678466797
43 0.031221675872803
44 0.035694169998169
45 0.035864639282227
46 0.040805435180664
47 0.039434576034546
48 0.045907354354858
49 0.044966459274292
50 0.048847389221191
51 0.050061988830566
52 0.053347015380859
53 0.051942157745361
54 0.059687757492065
55 0.068547821044922
56 0.066082429885864
57 0.069692420959473
58 0.072558784484863
59 0.076712989807129
60 0.077422046661377
61 0.079364967346191
62 0.088853979110718
63 0.090425968170166
64 0.091168642044067
65 0.106944847106934
66 0.109246158599854
67 0.104115533828735
68 0.117268610000610
69 0.130082225799561
70 0.124112176895142
71 0.126280641555786
72 0.141228437423706
73 0.150317192077637
74 0.165567874908447
75 0.156921005249023
76 0.167194175720215
77 0.174176836013794
78 0.186534690856934
79 0.177491188049316
80 0.200088405609131
81 0.214328193664551
82 0.207122993469238
83 0.223256015777588
84 0.237114381790161
85 0.248850440979004
86 0.241806030273438
87 0.245051002502441
88 0.245088815689087
89 0.273602390289307
90 0.333993244171143
91 0.335981655120850
92 0.294105768203735
93 0.297189950942993
94 0.340670728683472
95 0.349222373962402
96 0.331912755966187
97 0.351130580902100
98 0.341538763046265
99 0.435591220855713
100 0.431507158279419
101 0.391934251785278
